submission(9)
frac = 0.25
score = 0.926504

submission(8)
frac = 0.2
score = 0.930484

submission(10) (not upload)
frac = 0.2, fileID sorting
score = 0.9280365627
