submission(9)
frac = 0.25
score = 0.926504

submission(8)
frac = 0.2
score = 0.930484